Average for BILL_AMT1 = 51223.3309
Standard Deviation for BILL_AMT1 = 73634.63330095926
Minimum Value for BILL_AMT1 = -165580
Maximum Value for BILL_AMT1 = 964511

Average for BILL_AMT2 = 49179.07516666667
Standard Deviation for BILL_AMT2 = 71172.58254316323
Minimum Value for BILL_AMT2 = -69777
Maximum Value for BILL_AMT2 = 983931

Average for BILL_AMT3 = 47013.1548
Standard Deviation for BILL_AMT3 = 69348.23159428104
Minimum Value for BILL_AMT3 = -157264
Maximum Value for BILL_AMT3 = 1664089

Average for BILL_AMT4 = 43262.94896666666
Standard Deviation for BILL_AMT4 = 64331.78391071215
Minimum Value for BILL_AMT4 = -170000
Maximum Value for BILL_AMT4 = 891586

Average for BILL_AMT5 = 40311.40096666667
Standard Deviation for BILL_AMT5 = 60796.142475891174
Minimum Value for BILL_AMT5 = -81334
Maximum Value for BILL_AMT5 = 927171

Average for BILL_AMT6 = 38871.7604
Standard Deviation for BILL_AMT6 = 59553.11496001524
Minimum Value for BILL_AMT6 = -339603
Maximum Value for BILL_AMT6 = 961664

Covariance:
              BILL_AMT1     BILL_AMT2     BILL_AMT3     BILL_AMT4     BILL_AMT5     BILL_AMT6
BILL_AMT1  5.422240e+09  4.986670e+09  4.556511e+09  4.075286e+09  3.714795e+09  3.519876e+09
BILL_AMT2  4.986670e+09  5.065705e+09  4.582086e+09  4.086508e+09  3.720401e+09  3.524868e+09
BILL_AMT3  4.556511e+09  4.582086e+09  4.809338e+09  4.122238e+09  3.726780e+09  3.524247e+09
BILL_AMT4  4.075286e+09  4.086508e+09  4.122238e+09  4.138716e+09  3.677105e+09  3.451762e+09
BILL_AMT5  3.714795e+09  3.720401e+09  3.726780e+09  3.677105e+09  3.696294e+09  3.425914e+09
BILL_AMT6  3.519876e+09  3.524868e+09  3.524247e+09  3.451762e+09  3.425914e+09  3.546692e+09

Correlation:
           BILL_AMT1  BILL_AMT2  BILL_AMT3  BILL_AMT4  BILL_AMT5  BILL_AMT6
BILL_AMT1   1.000000   0.951484   0.892279   0.860272   0.829779   0.802650
BILL_AMT2   0.951484   1.000000   0.928326   0.892482   0.859778   0.831594
BILL_AMT3   0.892279   0.928326   1.000000   0.923969   0.883910   0.853320
BILL_AMT4   0.860272   0.892482   0.923969   1.000000   0.940134   0.900941
BILL_AMT5   0.829779   0.859778   0.883910   0.940134   1.000000   0.946197
BILL_AMT6   0.802650   0.831594   0.853320   0.900941   0.946197   1.000000

Column: LIMIT_BAL, Average: -9.663381206337362e-17, Standard Deviation: 1.0
Column: AGE, Average: -1.9137284349805365e-16, Standard Deviation: 0.9999999999999998
Column: BILL_AMT1, Average: -1.0421293457814803e-17, Standard Deviation: 1.0
Column: BILL_AMT2, Average: -4.784321087451341e-17, Standard Deviation: 0.9999999999999999
Column: BILL_AMT3, Average: 5.684341886080802e-17, Standard Deviation: 0.9999999999999999
Column: BILL_AMT4, Average: 6.347515106123561e-17, Standard Deviation: 1.0
Column: BILL_AMT5, Average: -2.0842586915629606e-17, Standard Deviation: 1.0
Column: BILL_AMT6, Average: 1.5158245029548805e-17, Standard Deviation: 1.0
Column: PAY_AMT1, Average: -8.526512829121201e-18, Standard Deviation: 1.0
Column: PAY_AMT2, Average: 9.473903143468002e-18, Standard Deviation: 0.9999999999999999
Column: PAY_AMT3, Average: 2.4632148173016805e-17, Standard Deviation: 1.0
Column: PAY_AMT4, Average: 2.0368891758456205e-17, Standard Deviation: 1.0
Column: PAY_AMT5, Average: -8.763360407707902e-18, Standard Deviation: 1.0
Column: PAY_AMT6, Average: -1.2789769243681803e-17, Standard Deviation: 0.9999999999999999
